offset  ,tbl,widt,heig
0x172728,  0, 640, 350
0x17272c,  1, 640, 400
0x172730,  2, 720, 400
0x172734,  3, 640, 480
0x172738,  4, 800, 600
0x17273c,  5, 832, 624
0x172740,  6,1024, 768
0x172744,  7,1280,1024
0x172748,  8,1600,1200
0x17274c,  9,1152, 864
0x172750, 10,1152, 870
0x172754, 11,1280, 768
0x172758, 12,1280, 960
0x17275c, 13, 720, 480
0x172760, 14,1920,1080
0x172764, 15,1280, 720
0x172768, 16, 720, 576
0x17276c, 17,1920,1200
0x172770, 18,1400,1050
0x172774, 19,1440, 900
0x172778, 20,1680,1050
0x17277c, 21,1280, 800
0x172780, 22,1600,1024
0x172784, 23,1600, 900
0x172788, 24,1360, 768
0x17278c, 25, 848, 480
0x172790, 26,1920,1080
0x172794, 27,1366, 768
0x172798, 28, 864, 648
0x17279c, 29,1280,1470
0x1727a0, 30,1920,2205
0x1727a4, 31, 720, 240
0x1727a8, 32, 720, 288
0x1727ac, 33,1152, 900
0x1727b0, 34, 856, 480
offset  ,tbl,polf,idx,widt,heig,hFrq,vFrq,hTot,vTot,hSBP,vSBP
0x1b5548,  0,0x02,  0, 640, 350, 315, 700, 800, 449, 141,  59,0x05(5),0x26(38)
0x1b5560,  1,0x04,  0, 640, 350, 314, 592, 800, 369,  80,   3,0x05(5),0x3F(63)
0x1b5578,  2,0x0f,  2, 720, 400, 315, 700, 900, 449, 158,  34,0x05(5),0x2B(43)
0x1b5590,  3,0x04,  1, 640, 400, 315, 700, 800, 449, 156,  33,0x05(5),0x3F(63)
0x1b55a8,  4,0x88,  3, 640, 480, 315, 599, 800, 525, 141,  32,0x05(5),0x25(37)
0x1b55c0,  5,0x08,  3, 640, 480, 350, 667, 864, 525, 156,  38,0x05(5),0x3C(60)
0x1b55d8,  6,0x08,  3, 640, 480, 379, 728, 832, 520, 164,  27,0x05(5),0x3A(58)
0x1b55f0,  7,0x08,  3, 640, 480, 375, 750, 840, 500, 180,  15,0x05(5),0x39(57)
0x1b5608,  8,0x01,  4, 800, 600, 352, 562,1024, 625, 198,  21,0x05(5),0x04(4)
0x1b5620,  9,0x01,  4, 800, 600, 379, 603,1056, 628, 213,  22,0x05(5),0x30(48)
0x1b5638, 10,0x01,  4, 800, 600, 481, 722,1040, 666, 182,  22,0x05(5),0x06(6)
0x1b5650, 11,0x01,  4, 800, 600, 469, 750,1056, 625, 237,  20,0x05(5),0x2A(42)
0x1b5668, 12,0x08,  5, 832, 624, 497, 746,1152, 667, 283,  36,0x05(5),0x2C(44)
0x1b5680, 13,0x04, 25, 848, 480, 298, 596,1056, 500, 180,  11,0x05(5),0x27(39)
0x1b5698, 14,0x08,  6,1024, 768, 484, 600,1344, 806, 290,  28,0x05(5),0x3F(63)
0x1b56b0, 15,0x08,  6,1024, 768, 565, 700,1328, 806, 275,  28,0x05(5),0x00(0)
0x1b56c8, 16,0x01,  6,1024, 768, 600, 750,1312, 800, 269,  27,0x05(5),0x29(41)
0x1b56e0, 17,0x01,  9,1152, 864, 543, 600,1472, 905, 285,  36,0x05(5),0x33(51)
0x1b56f8, 18,0x01,  9,1152, 864, 639, 702,1472, 912, 288,  49,0x05(5),0x3F(63)
0x1b5710, 19,0x01,  9,1152, 864, 675, 750,1600, 900, 381,  31,0x05(5),0x11(17)
0x1b5728, 20,0x08, 10,1152, 870, 689, 751,1456, 916, 265,  38,0x05(5),0x1B(27)
0x1b5740, 21,0x04, 11,1280, 768, 477, 598,1664, 798, 314,  19,0x05(5),0x26(38)
0x1b5758, 22,0x04, 11,1280, 768, 602, 748,1696, 805, 329,  26,0x05(5),0x13(19)
0x1b5770, 23,0x01, 12,1280, 960, 600, 600,1800,1000, 421,  35,0x05(5),0x11(17)
0x1b5788, 24,0x01, 12,1280, 960, 750, 750,1728,1002, 381,  35,0x05(5),0x11(17)
0x1b57a0, 25,0x01,  7,1280,1024, 639, 600,1688,1066, 357,  37,0x05(5),0x22(34)
0x1b57b8, 26,0x08,  7,1280,1024, 633, 599,1712,1063, 345,  28,0x05(5),0x02(2)
0x1b57d0, 27,0x01,  7,1280,1024, 760, 720,1712,1064, 375,  54,0x05(5),0x3A(58)
0x1b57e8, 28,0x01,  7,1280,1024, 800, 750,1688,1066, 389,  37,0x05(5),0x02(2)
0x1b5800, 29,0x08,  7,1280,1024, 811, 760,1664,1066, 343,  31,0x05(5),0x3A(58)
0x1b5818, 30,0x02,  8,1600,1200, 741, 599,1760,1236, 146,  20,0x05(5),0x11(17)
0x1b5830, 31,0x01,  8,1600,1200, 750, 600,2160,1250, 492,  45,0x05(5),0x3F(63)
0x1b5848, 32,0x01,  8,1600,1200, 813, 650,2160,1250, 496,  49,0x05(5),0x39(57)
0x1b5860, 33,0x01,  8,1600,1200, 875, 700,2160,1250, 496,  49,0x05(5),0x3F(63)
0x1b5878, 34,0x01,  8,1600,1200, 938, 750,2160,1250, 493,  45,0x05(5),0x11(17)
0x1b5890, 35,0x02, 17,1920,1200, 740, 599,2080,1235, 110,  30,0x05(5),0x3F(63)
0x1b58a8, 36,0x08, 17,1920,1200, 745, 599,2592,1245, 500,  40,0x05(5),0x31(49)
0x1b58c0, 37,0x04, 17,1920,1200, 812, 650,2592,1248, 496,  49,0x05(5),0x3F(63)
0x1b58d8, 38,0x04, 17,1920,1200, 940, 749,2608,1255, 344,  49,0x05(5),0x3F(63)
0x1b58f0, 39,0x06, 18,1400,1050, 647, 599,1560,1080, 232,  32,0x05(5),0x3F(63)
0x1b5908, 40,0x04, 18,1400,1050, 653, 599,1864,1088, 232,  32,0x05(5),0x3F(63)
0x1b5920, 41,0x08, 18,1400,1050, 823, 748,1896,1099, 382,  41,0x05(5),0x3F(63)
0x1b5938, 42,0x02, 19,1440, 900, 554, 599,1600, 926, 110,  23,0x05(5),0x0E(14)
0x1b5950, 43,0x04, 19,1440, 900, 706, 749,1936, 942, 248,  33,0x05(5),0x3F(63)
0x1b5968, 44,0x06, 20,1680,1050, 646, 598,1840,1080, 108,  19,0x05(5),0x20(32)
0x1b5980, 45,0x04, 20,1680,1050, 652, 599,2240,1089, 450,  28,0x05(5),0x06(6)
0x1b5998, 46,0x08, 20,1680,1050, 823, 748,2272,1099, 296,  40,0x05(5),0x3F(63)
0x1b59b0, 47,0x50, 13, 720, 480, 156, 600, 858, 525,  54,  24,0x05(5),0x3C(60)
0x1b59c8, 48,0x40, 13, 720, 480, 315, 600, 858, 525,  57,  28,0x05(5),0x2E(46)
0x1b59e0, 49,0x50, 16, 720, 576, 156, 500, 864, 625,  67,  32,0x05(5),0x3B(59)
0x1b59f8, 50,0x40, 16, 720, 576, 312, 500, 864, 625,  66,  35,0x05(5),0x3B(59)
0x1b5a10, 51,0x40, 15,1280, 720, 375, 500,1980, 750, 258,  16,0x05(5),0x05(5)
0x1b5a28, 52,0x40, 15,1280, 720, 450, 600,1650, 750, 257,  16,0x05(5),0x05(5)
0x1b5a40, 53,0x50, 14,1920,1080, 281, 500,2640,1125, 189,  23,0x05(5),0x06(6)
0x1b5a58, 54,0x50, 14,1920,1080, 337, 600,2200,1125, 189,  22,0x05(5),0x05(5)
0x1b5a70, 55,0x70, 14,1920,1080, 313, 500,2376,1250, 304, 152,0x05(5),0x1F(31)
0x1b5a88, 56,0x40, 26,1920,1080, 270, 240,2750,1125, 188,  33,0x05(5),0x21(33)
0x1b5aa0, 57,0x40, 26,1920,1080, 281, 250,2640,1125, 188,  33,0x05(5),0x21(33)
0x1b5ab8, 58,0x40, 26,1920,1080, 337, 300,2200,1125, 188,  32,0x05(5),0x21(33)
0x1b5ad0, 59,0x40, 26,1920,1080, 562, 500,2640,1125, 188,  32,0x05(5),0x17(23)
0x1b5ae8, 60,0x40, 26,1920,1080, 675, 600,2200,1125, 530,  32,0x05(5),0x12(18)
0x1b5b00, 61,0x40, 13, 720, 480, 156, 300, 858, 525,  59,  26,0x05(5),0x1F(31)
0x1b5b18, 62,0x04, 10,1152, 870, 541, 599,1520, 903, 304,  25,0x05(5),0x3F(63)
0x1b5b30, 63,0x04, 21,1280, 800, 495, 598,1680, 828, 323,  20,0x05(5),0x3F(63)
0x1b5b48, 64,0x04, 21,1280, 800, 625, 749,1712, 835, 349,  36,0x05(5),0x3F(63)
0x1b5b60, 65,0x08, 22,1600,1024, 621, 597,1808,1040, 154,  20,0x05(5),0x38(56)
0x1b5b78, 66,0x04, 22,1600,1024, 802, 750,2176,1069, 154,  20,0x05(5),0x3F(63)
0x1b5b90, 67,0x04, 23,1600, 900, 557, 598,2128, 932, 269,  25,0x05(5),0x3F(63)
0x1b5ba8, 68,0x04, 23,1600, 900, 702, 747,2160, 940, 248,  33,0x05(5),0x3F(63)
0x1b5bc0, 69,0x04, 15,1280, 720, 564, 750,1696, 752, 329,  26,0x05(5),0x2D(45)
0x1b5bd8, 70,0x08,  3, 640, 480, 300, 571, 800, 525, 138,  31,0x05(5),0x3F(63)
0x1b5bf0, 71,0x01, 24,1360, 768, 477, 600,1792, 795, 365,  17,0x05(5),0x22(34)
0x1b5c08, 72,0x01,  8,1600,1200, 648, 518,2160,1250, 496,  46,0x05(5),0x3F(63)
0x1b5c20, 73,0x01, 25, 848, 480, 310, 600,1088, 517, 139,  31,0x05(5),0x12(18)
0x1b5c38, 74,0x01, 11,1280, 768, 395, 500,1648, 791, 307,  14,0x05(5),0x13(19)
0x1b5c50, 75,0x08, 27,1366, 768, 491, 600,1780, 817, 346,  32,0x05(5),0x2F(47)
0x1b5c68, 76,0x04, 16, 720, 576, 357, 598, 912, 597, 163,  15,0x05(5),0x1F(31)
0x1b5c80, 77,0x04, 28, 864, 648, 403, 600,1120, 671, 212,  17,0x05(5),0x3F(63)
0x1b5c98, 78,0x02, 14,1920,1080, 667, 600,2080,1111, 109,  21,0x05(5),0x12(18)
0x1b5cb0, 79,0x08, 13, 720, 480, 351, 598, 891, 587, 163,  15,0x05(5),0x1F(31)
0x1b5cc8, 80,0x04, 19,1440, 900, 559, 598,1904, 934, 381,  24,0x05(5),0x0E(14)
0x1b5ce0, 81,0x02, 11,1280, 768, 474, 600,1440, 790, 110,  19,0x05(5),0x26(38)
0x1b5cf8, 82,0x40, 15,1280, 720, 184, 250,1600, 734, 193,   5,0x05(5),0x05(5)
0x1b5d10, 83,0x40, 15,1280, 720, 221, 300,1600, 736, 194,   5,0x05(5),0x05(5)
0x1b5d28, 84,0x04, 14,1920,1080, 671, 600,2576,1120, 528,  37,0x05(5),0x12(18)
0x1b5d40, 85,0x04, 14,1920,1080, 556, 500,2544,1114, 512,  31,0x05(5),0x17(23)